0.000	0.012	0.0	0.0
0.012	0.023	0.0	0.0
0.023	0.035	0.0	0.0
0.035	0.046	0.0	0.0
0.046	0.058	0.0	0.0
0.058	0.070	0.0	0.0
0.070	0.081	0.0	0.0
0.081	0.093	0.0	0.0
0.093	0.104	0.0	0.0
0.104	0.116	0.0	0.0
0.116	0.128	0.0	0.0
0.128	0.139	0.0	0.0
0.139	0.151	0.0	0.0
0.151	0.163	0.0	0.0
0.163	0.174	0.0	0.0
0.174	0.186	0.0	0.0
0.186	0.197	0.0	0.0
0.197	0.209	0.0	0.0
0.209	0.221	0.0	0.0
0.221	0.232	0.0	0.0
0.232	0.244	0.0	0.0
0.244	0.255	0.0	0.0
0.255	0.267	0.0	0.0
0.267	0.279	0.0	0.0
0.279	0.290	0.0	0.0
0.290	0.302	0.0	0.0
0.302	0.313	0.0	0.0
0.313	0.325	0.0	0.0
0.325	0.337	0.0	0.0
0.337	0.348	0.0	0.0
0.348	0.360	0.0	0.0
0.360	0.372	0.0	0.0
0.372	0.383	0.0	0.0
0.383	0.395	0.0	0.0
0.395	0.406	1.0	0.0
0.406	0.418	0.0	0.0
0.418	0.430	0.0	0.0
0.430	0.441	0.0	0.0
0.441	0.453	0.0	0.0
0.453	0.464	0.0	0.0
0.464	0.476	0.0	0.0
0.476	0.488	0.0	0.0
0.488	0.499	0.0	0.0
0.499	0.511	0.0	0.0
0.511	0.522	0.0	0.0
0.522	0.534	0.0	0.0
0.534	0.546	0.0	0.0
0.546	0.557	0.0	0.0
0.557	0.569	0.0	0.0
0.569	0.580	0.0	0.0
0.580	0.592	0.0	0.0
0.592	0.604	0.0	0.0
0.604	0.615	0.0	0.0
0.615	0.627	0.0	0.0
0.627	0.639	0.0	0.0
0.639	0.650	0.0	0.0
0.650	0.662	0.0	0.0
0.662	0.673	0.0	0.0
0.673	0.685	0.0	0.0
0.685	0.697	0.0	0.0
0.697	0.708	0.0	0.0
0.708	0.720	0.0	0.0
0.720	0.731	0.0	0.0
0.731	0.743	0.0	0.0
0.743	0.755	0.0	0.0
0.755	0.766	0.0	0.0
0.766	0.778	0.0	0.0
0.778	0.789	0.0	0.0
0.789	0.801	0.0	0.0
0.801	0.813	0.0	0.0
0.813	0.824	0.0	0.0
0.824	0.836	0.0	0.0
0.836	0.848	0.0	0.0
0.848	0.859	0.0	0.0
0.859	0.871	0.0	0.0
0.871	0.882	0.0	0.0
0.882	0.894	0.0	0.0
0.894	0.906	0.0	0.0
0.906	0.917	0.0	0.0
0.917	0.929	0.0	0.0
0.929	0.940	0.0	0.0
0.940	0.952	0.0	0.0
0.952	0.964	0.0	0.0
0.964	0.975	0.0	0.0
0.975	0.987	0.0	0.0
0.987	0.998	0.0	0.0
0.998	1.010	0.0	0.0
1.010	1.022	0.0	0.0
1.022	1.033	0.0	0.0
1.033	1.045	0.0	0.0
1.045	1.057	0.0	0.0
1.057	1.068	0.0	0.0
1.068	1.080	0.0	0.0
1.080	1.091	0.0	0.0
1.091	1.103	0.0	0.0
1.103	1.115	0.0	0.0
1.115	1.126	0.0	0.0
1.126	1.138	0.0	0.0
1.138	1.149	0.0	0.0
1.149	1.161	0.0	0.0
1.161	1.173	0.0	0.0
1.173	1.184	0.0	0.0
1.184	1.196	0.0	0.0
1.196	1.207	0.0	0.0
1.207	1.219	0.0	0.0
1.219	1.231	0.0	0.0
1.231	1.242	0.0	0.0
1.242	1.254	0.0	0.0
1.254	1.265	0.0	0.0
1.265	1.277	0.0	0.0
1.277	1.289	0.0	0.0
1.289	1.300	0.0	0.0
1.300	1.312	0.0	0.0
1.312	1.324	0.0	0.0
1.324	1.335	0.0	0.0
1.335	1.347	0.0	0.0
1.347	1.358	0.0	0.0
1.358	1.370	0.0	0.0
1.370	1.382	0.0	0.0
1.382	1.393	0.0	0.0
1.393	1.405	0.0	0.0
1.405	1.416	0.0	0.0
1.416	1.428	0.0	0.0
1.428	1.440	0.0	0.0
1.440	1.451	0.0	0.0
1.451	1.463	0.0	0.0
1.463	1.474	0.0	0.0
1.474	1.486	0.0	0.0
1.486	1.498	0.0	0.0
1.498	1.509	0.0	0.0
1.509	1.521	0.0	0.0
1.521	1.533	0.0	0.0
1.533	1.544	0.0	0.0
1.544	1.556	0.0	0.0
1.556	1.567	0.0	0.0
1.567	1.579	0.0	0.0
1.579	1.591	0.0	0.0
1.591	1.602	0.0	0.0
1.602	1.614	0.0	0.0
1.614	1.625	0.0	0.0
1.625	1.637	0.0	0.0
1.637	1.649	0.0	0.0
1.649	1.660	0.0	0.0
1.660	1.672	0.0	0.0
1.672	1.683	0.0	0.0
1.683	1.695	0.0	0.0
1.695	1.707	0.0	0.0
1.707	1.718	0.0	0.0
1.718	1.730	0.0	0.0
1.730	1.741	0.0	0.0
1.741	1.753	0.0	0.0
1.753	1.765	0.0	0.0
1.765	1.776	0.0	0.0
1.776	1.788	0.0	0.0
1.788	1.800	0.0	0.0
1.800	1.811	0.0	0.0
1.811	1.823	0.0	0.0
1.823	1.834	0.0	0.0
1.834	1.846	0.0	0.0
1.846	1.858	0.0	0.0
1.858	1.869	0.0	0.0
1.869	1.881	0.0	0.0
1.881	1.892	0.0	0.0
1.892	1.904	0.0	0.0
1.904	1.916	0.0	0.0
1.916	1.927	1.0	0.0
1.927	1.939	1.0	0.0
1.939	1.950	0.0	0.0
1.950	1.962	0.0	0.0
1.962	1.974	0.0	0.0
1.974	1.985	0.0	0.0
1.985	1.997	0.0	0.0
1.997	2.009	0.0	0.0
2.009	2.020	0.0	0.0
2.020	2.032	0.0	0.0
2.032	2.043	0.0	0.0
2.043	2.055	0.0	0.0
2.055	2.067	0.0	0.0
2.067	2.078	0.0	0.0
2.078	2.090	0.0	0.0
2.090	2.101	0.0	0.0
2.101	2.113	0.0	0.0
2.113	2.125	0.0	0.0
2.125	2.136	0.0	0.0
2.136	2.148	0.0	0.0
2.148	2.159	0.0	0.0
2.159	2.171	0.0	0.0
2.171	2.183	0.0	0.0
2.183	2.194	0.0	0.0
2.194	2.206	0.0	0.0
2.206	2.218	0.0	0.0
2.218	2.229	0.0	0.0
2.229	2.241	0.0	0.0
2.241	2.252	0.0	0.0
2.252	2.264	0.0	0.0
2.264	2.276	0.0	0.0
2.276	2.287	0.0	0.0
2.287	2.299	0.0	0.0
2.299	2.310	0.0	0.0
2.310	2.322	0.0	0.0
2.322	2.334	0.0	0.0
2.334	2.345	0.0	0.0
2.345	2.357	0.0	0.0
2.357	2.368	0.0	0.0
2.368	2.380	0.0	0.0
2.380	2.392	0.0	0.0
2.392	2.403	0.0	0.0
2.403	2.415	0.0	0.0
2.415	2.426	0.0	0.0
2.426	2.438	0.0	0.0
2.438	2.450	0.0	0.0
2.450	2.461	0.0	0.0
2.461	2.473	0.0	0.0
2.473	2.485	0.0	0.0
2.485	2.496	0.0	0.0
2.496	2.508	0.0	0.0
2.508	2.519	0.0	0.0
2.519	2.531	0.0	0.0
2.531	2.543	0.0	0.0
2.543	2.554	0.0	0.0
2.554	2.566	0.0	0.0
2.566	2.577	0.0	0.0
2.577	2.589	0.0	0.0
2.589	2.601	0.0	0.0
2.601	2.612	0.0	0.0
2.612	2.624	0.0	0.0
2.624	2.635	0.0	0.0
2.635	2.647	0.0	0.0
2.647	2.659	0.0	0.0
2.659	2.670	0.0	0.0
2.670	2.682	0.0	0.0
2.682	2.694	0.0	0.0
2.694	2.705	0.0	0.0
2.705	2.717	0.0	0.0
2.717	2.728	0.0	0.0
2.728	2.740	0.0	0.0
2.740	2.752	0.0	0.0
2.752	2.763	0.0	0.0
2.763	2.775	0.0	0.0
2.775	2.786	0.0	0.0
2.786	2.798	0.0	0.0
2.798	2.810	0.0	0.0
2.810	2.821	0.0	0.0
2.821	2.833	0.0	0.0
2.833	2.844	0.0	0.0
2.844	2.856	0.0	0.0
2.856	2.868	0.0	0.0
2.868	2.879	0.0	0.0
2.879	2.891	0.0	0.0
2.891	2.902	0.0	0.0
2.902	2.914	0.0	0.0
2.914	2.926	0.0	0.0
2.926	2.937	0.0	0.0
2.937	2.949	0.0	0.0
2.949	2.961	0.0	0.0
2.961	2.972	0.0	0.0
2.972	2.984	0.0	0.0
2.984	2.995	0.0	0.0
2.995	3.007	0.0	0.0
3.007	3.019	0.0	0.0
3.019	3.030	0.0	0.0
3.030	3.042	0.0	0.0
3.042	3.053	0.0	0.0
3.053	3.065	0.0	0.0
3.065	3.077	0.0	0.0
3.077	3.088	0.0	0.0
3.088	3.100	0.0	0.0
3.100	3.111	0.0	0.0
3.111	3.123	0.0	0.0
3.123	3.135	0.0	0.0
3.135	3.146	0.0	0.0
3.146	3.158	0.0	0.0
3.158	3.170	0.0	0.0
3.170	3.181	0.0	0.0
3.181	3.193	0.0	0.0
3.193	3.204	0.0	0.0
3.204	3.216	0.0	0.0
3.216	3.228	0.0	0.0
3.228	3.239	0.0	0.0
3.239	3.251	0.0	0.0
3.251	3.262	0.0	0.0
3.262	3.274	0.0	0.0
3.274	3.286	0.0	0.0
3.286	3.297	0.0	0.0
3.297	3.309	0.0	0.0
3.309	3.320	0.0	0.0
3.320	3.332	0.0	0.0
3.332	3.344	0.0	0.0
3.344	3.355	0.0	0.0
3.355	3.367	0.0	0.0
3.367	3.379	0.0	0.0
3.379	3.390	0.0	0.0
3.390	3.402	0.0	0.0
3.402	3.413	0.0	0.0
3.413	3.425	0.0	0.0
3.425	3.437	0.0	0.0
3.437	3.448	0.0	0.0
3.448	3.460	0.0	0.0
3.460	3.471	0.0	0.0
3.471	3.483	0.0	0.0
3.483	3.495	0.0	0.0
3.495	3.506	0.0	0.0
3.506	3.518	0.0	0.0
3.518	3.529	0.0	0.0
3.529	3.541	0.0	0.0
3.541	3.553	0.0	0.0
3.553	3.564	0.0	0.0
3.564	3.576	0.0	0.0
3.576	3.587	0.0	0.0
3.587	3.599	0.0	0.0
3.599	3.611	0.0	0.0
3.611	3.622	0.0	0.0
3.622	3.634	0.0	0.0
3.634	3.646	0.0	0.0
3.646	3.657	0.0	0.0
3.657	3.669	0.0	0.0
3.669	3.680	0.0	0.0
3.680	3.692	0.0	0.0
3.692	3.704	0.0	0.0
3.704	3.715	0.0	0.0
3.715	3.727	0.0	0.0
3.727	3.738	0.0	0.0
3.738	3.750	0.0	0.0
3.750	3.762	0.0	0.0
3.762	3.773	0.0	0.0
3.773	3.785	0.0	0.0
3.785	3.796	0.0	0.0
3.796	3.808	0.0	0.0
3.808	3.820	0.0	0.0
3.820	3.831	0.0	0.0
3.831	3.843	0.0	0.0
3.843	3.855	0.0	0.0
3.855	3.866	0.0	0.0
3.866	3.878	0.0	0.0
3.878	3.889	0.0	0.0
3.889	3.901	0.0	0.0
3.901	3.913	0.0	0.0
3.913	3.924	0.0	0.0
3.924	3.936	0.0	0.0
3.936	3.947	0.0	0.0
3.947	3.959	0.0	0.0
3.959	3.971	0.0	0.0
3.971	3.982	0.0	0.0
3.982	3.994	0.0	0.0
3.994	4.005	0.0	0.0
4.005	4.017	1.0	0.0
4.017	4.029	0.0	0.0
4.029	4.040	0.0	0.0
4.040	4.052	0.0	0.0
4.052	4.063	0.0	0.0
4.063	4.075	0.0	0.0
4.075	4.087	0.0	0.0
4.087	4.098	0.0	0.0
4.098	4.110	0.0	0.0
4.110	4.122	0.0	0.0
4.122	4.133	0.0	0.0
4.133	4.145	0.0	0.0
4.145	4.156	0.0	0.0
4.156	4.168	0.0	0.0
4.168	4.180	0.0	0.0
4.180	4.191	0.0	0.0
4.191	4.203	0.0	0.0
4.203	4.214	0.0	0.0
4.214	4.226	0.0	0.0
4.226	4.238	0.0	0.0
4.238	4.249	0.0	0.0
4.249	4.261	0.0	0.0
4.261	4.272	0.0	0.0
4.272	4.284	0.0	0.0
4.284	4.296	0.0	0.0
4.296	4.307	0.0	0.0
4.307	4.319	0.0	0.0
4.319	4.331	0.0	0.0
4.331	4.342	0.0	0.0
4.342	4.354	0.0	0.0
4.354	4.365	0.0	0.0
4.365	4.377	0.0	0.0
4.377	4.389	0.0	0.0
4.389	4.400	0.0	0.0
4.400	4.412	0.0	0.0
4.412	4.423	0.0	0.0
4.423	4.435	0.0	0.0
4.435	4.447	0.0	0.0
4.447	4.458	0.0	0.0
4.458	4.470	0.0	0.0
4.470	4.481	0.0	0.0
4.481	4.493	0.0	0.0
4.493	4.505	0.0	0.0
4.505	4.516	0.0	0.0
4.516	4.528	0.0	0.0
4.528	4.540	0.0	0.0
4.540	4.551	0.0	0.0
4.551	4.563	0.0	0.0
4.563	4.574	0.0	0.0
4.574	4.586	0.0	0.0
4.586	4.598	0.0	0.0
4.598	4.609	0.0	0.0
4.609	4.621	0.0	0.0
4.621	4.632	0.0	0.0
4.632	4.644	0.0	0.0
4.644	4.656	0.0	0.0
4.656	4.667	0.0	0.0
4.667	4.679	0.0	0.0
4.679	4.690	0.0	0.0
4.690	4.702	0.0	0.0
4.702	4.714	0.0	0.0
4.714	4.725	0.0	0.0
4.725	4.737	0.0	0.0
4.737	4.748	0.0	0.0
4.748	4.760	0.0	0.0
4.760	4.772	0.0	0.0
4.772	4.783	0.0	0.0
4.783	4.795	0.0	0.0
4.795	4.807	0.0	0.0
4.807	4.818	0.0	0.0
4.818	4.830	0.0	0.0
4.830	4.841	0.0	0.0
4.841	4.853	0.0	0.0
4.853	4.865	0.0	0.0
4.865	4.876	0.0	0.0
4.876	4.888	0.0	0.0
4.888	4.899	0.0	0.0
4.899	4.911	0.0	0.0
4.911	4.923	0.0	0.0
4.923	4.934	0.0	0.0
4.934	4.946	0.0	0.0
4.946	4.957	0.0	0.0
4.957	4.969	0.0	0.0
4.969	4.981	0.0	0.0
4.981	4.992	0.0	0.0
4.992	5.004	0.0	0.0
5.004	5.016	0.0	0.0
5.016	5.027	0.0	0.0
5.027	5.039	0.0	0.0
5.039	5.050	0.0	0.0
5.050	5.062	0.0	0.0
5.062	5.074	0.0	0.0
5.074	5.085	0.0	0.0
5.085	5.097	0.0	0.0
5.097	5.108	0.0	0.0
5.108	5.120	0.0	0.0
5.120	5.132	0.0	0.0
5.132	5.143	0.0	0.0
5.143	5.155	0.0	0.0
5.155	5.166	0.0	0.0
5.166	5.178	0.0	0.0
5.178	5.190	0.0	0.0
5.190	5.201	0.0	0.0
5.201	5.213	0.0	0.0
5.213	5.224	0.0	0.0
5.224	5.236	0.0	0.0
5.236	5.248	0.0	0.0
5.248	5.259	0.0	0.0
5.259	5.271	0.0	0.0
5.271	5.283	0.0	0.0
5.283	5.294	0.0	0.0
5.294	5.306	0.0	0.0
5.306	5.317	0.0	0.0
5.317	5.329	0.0	0.0
5.329	5.341	0.0	0.0
5.341	5.352	0.0	0.0
5.352	5.364	0.0	0.0
5.364	5.375	0.0	0.0
5.375	5.387	0.0	0.0
5.387	5.399	0.0	0.0
5.399	5.410	0.0	0.0
5.410	5.422	0.0	0.0
5.422	5.433	0.0	0.0
5.433	5.445	0.0	0.0
5.445	5.457	0.0	0.0
5.457	5.468	0.0	0.0
5.468	5.480	0.0	0.0
5.480	5.492	0.0	0.0
5.492	5.503	0.0	0.0
5.503	5.515	0.0	0.0
5.515	5.526	0.0	0.0
5.526	5.538	0.0	0.0
5.538	5.550	0.0	0.0
5.550	5.561	0.0	0.0
5.561	5.573	0.0	0.0
5.573	5.584	0.0	0.0
5.584	5.596	0.0	0.0
5.596	5.608	0.0	0.0
5.608	5.619	0.0	0.0
5.619	5.631	0.0	0.0
5.631	5.642	0.0	0.0
5.642	5.654	0.0	0.0
5.654	5.666	0.0	0.0
5.666	5.677	0.0	0.0
5.677	5.689	0.0	0.0
5.689	5.700	0.0	0.0
5.700	5.712	0.0	0.0
5.712	5.724	0.0	0.0
5.724	5.735	0.0	0.0
5.735	5.747	0.0	0.0
5.747	5.759	0.0	0.0
5.759	5.770	0.0	0.0
5.770	5.782	0.0	0.0
5.782	5.793	0.0	0.0
5.793	5.805	0.0	0.0
5.805	5.817	0.0	0.0
5.817	5.828	0.0	0.0
5.828	5.840	0.0	0.0
5.840	5.851	0.0	0.0
5.851	5.863	0.0	0.0
5.863	5.875	0.0	0.0
5.875	5.886	0.0	0.0
5.886	5.898	1.0	0.0
5.898	5.909	0.0	0.0
5.909	5.921	0.0	0.0
5.921	5.933	0.0	0.0
5.933	5.944	0.0	0.0
5.944	5.956	0.0	0.0
5.956	5.968	0.0	0.0
5.968	5.979	0.0	0.0
5.979	5.991	0.0	0.0
5.991	6.002	0.0	0.0
6.002	6.014	0.0	0.0
6.014	6.026	0.0	0.0
6.026	6.037	0.0	0.0
6.037	6.049	0.0	0.0
6.049	6.060	0.0	0.0
6.060	6.072	0.0	0.0
6.072	6.084	0.0	0.0
6.084	6.095	0.0	0.0
6.095	6.107	0.0	0.0
6.107	6.118	0.0	0.0
6.118	6.130	0.0	0.0
6.130	6.142	0.0	0.0
6.142	6.153	0.0	0.0
6.153	6.165	0.0	0.0
6.165	6.177	0.0	0.0
6.177	6.188	0.0	0.0
6.188	6.200	0.0	0.0
6.200	6.211	0.0	0.0
6.211	6.223	0.0	0.0
6.223	6.235	0.0	0.0
6.235	6.246	0.0	0.0
6.246	6.258	0.0	0.0
6.258	6.269	0.0	0.0
6.269	6.281	0.0	0.0
6.281	6.293	0.0	0.0
6.293	6.304	0.0	0.0
6.304	6.316	0.0	0.0
6.316	6.327	0.0	0.0
6.327	6.339	0.0	0.0
6.339	6.351	0.0	0.0
6.351	6.362	0.0	0.0
6.362	6.374	0.0	0.0
6.374	6.385	0.0	0.0
6.385	6.397	0.0	0.0
6.397	6.409	0.0	0.0
6.409	6.420	0.0	0.0
6.420	6.432	0.0	0.0
6.432	6.444	0.0	0.0
6.444	6.455	0.0	0.0
6.455	6.467	0.0	0.0
6.467	6.478	0.0	0.0
6.478	6.490	0.0	0.0
6.490	6.502	0.0	0.0
6.502	6.513	0.0	0.0
6.513	6.525	0.0	0.0
6.525	6.536	0.0	0.0
6.536	6.548	0.0	0.0
6.548	6.560	0.0	0.0
6.560	6.571	0.0	0.0
6.571	6.583	0.0	0.0
6.583	6.594	0.0	0.0
6.594	6.606	0.0	0.0
6.606	6.618	0.0	0.0
6.618	6.629	0.0	0.0
6.629	6.641	0.0	0.0
6.641	6.653	0.0	0.0
6.653	6.664	0.0	0.0
6.664	6.676	0.0	0.0
6.676	6.687	0.0	0.0
6.687	6.699	0.0	0.0
6.699	6.711	0.0	0.0
6.711	6.722	0.0	0.0
6.722	6.734	0.0	0.0
6.734	6.745	0.0	0.0
6.745	6.757	0.0	0.0
6.757	6.769	0.0	0.0
6.769	6.780	0.0	0.0
6.780	6.792	0.0	0.0
6.792	6.803	0.0	0.0
6.803	6.815	0.0	0.0
6.815	6.827	0.0	0.0
6.827	6.838	0.0	0.0
6.838	6.850	0.0	0.0
6.850	6.861	0.0	0.0
6.861	6.873	0.0	0.0
6.873	6.885	0.0	0.0
6.885	6.896	0.0	0.0
6.896	6.908	0.0	0.0
6.908	6.920	0.0	0.0
6.920	6.931	0.0	0.0
6.931	6.943	0.0	0.0
6.943	6.954	0.0	0.0
6.954	6.966	0.0	0.0
6.966	6.978	0.0	0.0
6.978	6.989	0.0	0.0
6.989	7.001	0.0	0.0
7.001	7.012	0.0	0.0
7.012	7.024	0.0	0.0
7.024	7.036	0.0	0.0
7.036	7.047	0.0	0.0
7.047	7.059	1.0	0.0
7.059	7.070	0.0	0.0
7.070	7.082	0.0	0.0
7.082	7.094	0.0	0.0
7.094	7.105	0.0	0.0
7.105	7.117	0.0	0.0
7.117	7.129	0.0	0.0
7.129	7.140	0.0	0.0
7.140	7.152	0.0	0.0
7.152	7.163	0.0	0.0
7.163	7.175	0.0	0.0
7.175	7.187	0.0	0.0
7.187	7.198	0.0	0.0
7.198	7.210	0.0	0.0
7.210	7.221	0.0	0.0
7.221	7.233	0.0	0.0
7.233	7.245	0.0	0.0
7.245	7.256	0.0	0.0
7.256	7.268	0.0	0.0
7.268	7.279	0.0	0.0
7.279	7.291	0.0	0.0
7.291	7.303	0.0	0.0
7.303	7.314	0.0	0.0
7.314	7.326	0.0	0.0
7.326	7.338	0.0	0.0
7.338	7.349	0.0	0.0
7.349	7.361	0.0	0.0
7.361	7.372	0.0	0.0
7.372	7.384	0.0	0.0
7.384	7.396	0.0	0.0
7.396	7.407	0.0	0.0
7.407	7.419	0.0	0.0
7.419	7.430	0.0	0.0
7.430	7.442	0.0	0.0
7.442	7.454	0.0	0.0
7.454	7.465	0.0	0.0
7.465	7.477	0.0	0.0
7.477	7.488	0.0	0.0
7.488	7.500	0.0	0.0
7.500	7.512	0.0	0.0
7.512	7.523	0.0	0.0
7.523	7.535	0.0	0.0
7.535	7.546	0.0	0.0
7.546	7.558	0.0	0.0
7.558	7.570	0.0	0.0
7.570	7.581	0.0	0.0
7.581	7.593	0.0	0.0
7.593	7.605	0.0	0.0
7.605	7.616	0.0	0.0
7.616	7.628	0.0	0.0
7.628	7.639	0.0	0.0
7.639	7.651	0.0	0.0
7.651	7.663	0.0	0.0
7.663	7.674	0.0	0.0
7.674	7.686	0.0	0.0
7.686	7.697	0.0	0.0
7.697	7.709	0.0	0.0
7.709	7.721	0.0	0.0
7.721	7.732	0.0	0.0
7.732	7.744	0.0	0.0
7.744	7.755	0.0	0.0
7.755	7.767	0.0	0.0
7.767	7.779	0.0	0.0
7.779	7.790	0.0	0.0
7.790	7.802	0.0	0.0
7.802	7.814	0.0	0.0
7.814	7.825	0.0	0.0
7.825	7.837	0.0	0.0
7.837	7.848	0.0	0.0
7.848	7.860	0.0	0.0
7.860	7.872	0.0	0.0
7.872	7.883	0.0	0.0
7.883	7.895	0.0	0.0
7.895	7.906	0.0	0.0
7.906	7.918	0.0	0.0
7.918	7.930	0.0	0.0
7.930	7.941	0.0	0.0
7.941	7.953	0.0	0.0
7.953	7.964	0.0	0.0
7.964	7.976	0.0	0.0
7.976	7.988	0.0	0.0
7.988	7.999	0.0	0.0
7.999	8.011	0.0	0.0
8.011	8.022	0.0	0.0
8.022	8.034	0.0	0.0
8.034	8.046	0.0	0.0
8.046	8.057	0.0	0.0
8.057	8.069	0.0	0.0
8.069	8.081	0.0	0.0
8.081	8.092	0.0	0.0
8.092	8.104	0.0	0.0
8.104	8.115	0.0	0.0
8.115	8.127	0.0	0.0
8.127	8.139	0.0	0.0
8.139	8.150	0.0	0.0
8.150	8.162	0.0	0.0
8.162	8.173	0.0	0.0
8.173	8.185	0.0	0.0
8.185	8.197	0.0	0.0
8.197	8.208	0.0	0.0
8.208	8.220	0.0	0.0
8.220	8.231	0.0	0.0
8.231	8.243	0.0	0.0
8.243	8.255	0.0	0.0
8.255	8.266	0.0	0.0
8.266	8.278	0.0	0.0
8.278	8.290	0.0	0.0
8.290	8.301	0.0	0.0
8.301	8.313	0.0	0.0
8.313	8.324	0.0	0.0
8.324	8.336	0.0	0.0
8.336	8.348	0.0	0.0
8.348	8.359	0.0	0.0
8.359	8.371	0.0	0.0
8.371	8.382	0.0	0.0
8.382	8.394	0.0	0.0
8.394	8.406	0.0	0.0
8.406	8.417	0.0	0.0
8.417	8.429	0.0	0.0
8.429	8.440	0.0	0.0
8.440	8.452	0.0	0.0
8.452	8.464	0.0	0.0
8.464	8.475	0.0	0.0
8.475	8.487	0.0	0.0
8.487	8.499	0.0	0.0
8.499	8.510	0.0	0.0
8.510	8.522	0.0	0.0
8.522	8.533	0.0	0.0
8.533	8.545	0.0	0.0
8.545	8.557	0.0	0.0
8.557	8.568	0.0	0.0
8.568	8.580	0.0	0.0
8.580	8.591	0.0	0.0
8.591	8.603	0.0	0.0
8.603	8.615	0.0	0.0
8.615	8.626	0.0	0.0
8.626	8.638	0.0	0.0
8.638	8.649	0.0	0.0
8.649	8.661	0.0	0.0
8.661	8.673	0.0	0.0
8.673	8.684	0.0	0.0
8.684	8.696	0.0	0.0
8.696	8.707	0.0	0.0
8.707	8.719	0.0	0.0
8.719	8.731	1.0	0.0
8.731	8.742	0.0	0.0
8.742	8.754	0.0	0.0
8.754	8.766	0.0	0.0
8.766	8.777	0.0	0.0
8.777	8.789	0.0	0.0
8.789	8.800	0.0	0.0
8.800	8.812	0.0	0.0
8.812	8.824	0.0	0.0
8.824	8.835	0.0	0.0
8.835	8.847	0.0	0.0
8.847	8.858	0.0	0.0
8.858	8.870	0.0	0.0
8.870	8.882	0.0	0.0
8.882	8.893	0.0	0.0
8.893	8.905	0.0	0.0
8.905	8.916	0.0	0.0
8.916	8.928	0.0	0.0
8.928	8.940	0.0	0.0
8.940	8.951	0.0	0.0
8.951	8.963	0.0	0.0
8.963	8.975	0.0	0.0
8.975	8.986	0.0	0.0
8.986	8.998	0.0	0.0
8.998	9.009	0.0	0.0
9.009	9.021	0.0	0.0
9.021	9.033	0.0	0.0
9.033	9.044	0.0	0.0
9.044	9.056	0.0	0.0
9.056	9.067	0.0	0.0
9.067	9.079	0.0	0.0
9.079	9.091	0.0	0.0
9.091	9.102	0.0	0.0
9.102	9.114	0.0	0.0
9.114	9.125	0.0	0.0
9.125	9.137	0.0	0.0
9.137	9.149	0.0	0.0
9.149	9.160	0.0	0.0
9.160	9.172	0.0	0.0
9.172	9.183	0.0	0.0
9.183	9.195	0.0	0.0
9.195	9.207	0.0	0.0
9.207	9.218	0.0	0.0
9.218	9.230	0.0	0.0
9.230	9.242	0.0	0.0
9.242	9.253	0.0	0.0
9.253	9.265	0.0	0.0
9.265	9.276	0.0	0.0
9.276	9.288	0.0	0.0
9.288	9.300	0.0	0.0
9.300	9.311	0.0	0.0
9.311	9.323	0.0	0.0
9.323	9.334	0.0	0.0
9.334	9.346	0.0	0.0
9.346	9.358	0.0	0.0
9.358	9.369	0.0	0.0
9.369	9.381	0.0	0.0
9.381	9.392	0.0	0.0
9.392	9.404	0.0	0.0
9.404	9.416	0.0	0.0
9.416	9.427	0.0	0.0
9.427	9.439	0.0	0.0
9.439	9.451	0.0	0.0
9.451	9.462	0.0	0.0
9.462	9.474	0.0	0.0
9.474	9.485	0.0	0.0
9.485	9.497	0.0	0.0
9.497	9.509	0.0	0.0
9.509	9.520	0.0	0.0
9.520	9.532	0.0	0.0
9.532	9.543	0.0	0.0
9.543	9.555	0.0	0.0
9.555	9.567	0.0	0.0
9.567	9.578	0.0	0.0
9.578	9.590	0.0	0.0
9.590	9.601	0.0	0.0
9.601	9.613	0.0	0.0
9.613	9.625	0.0	0.0
9.625	9.636	0.0	0.0
9.636	9.648	0.0	0.0
9.648	9.660	0.0	0.0
9.660	9.671	0.0	0.0
9.671	9.683	0.0	0.0
9.683	9.694	0.0	0.0
9.694	9.706	0.0	0.0
9.706	9.718	0.0	0.0
9.718	9.729	0.0	0.0
9.729	9.741	0.0	0.0
9.741	9.752	0.0	0.0
9.752	9.764	0.0	0.0
9.764	9.776	0.0	0.0
9.776	9.787	0.0	0.0
9.787	9.799	0.0	0.0
9.799	9.810	0.0	0.0
9.810	9.822	0.0	0.0
9.822	9.834	0.0	0.0
9.834	9.845	0.0	0.0
9.845	9.857	0.0	0.0
9.857	9.868	0.0	0.0
9.868	9.880	0.0	0.0
9.880	9.892	0.0	0.0
9.892	9.903	0.0	0.0
9.903	9.915	0.0	0.0
9.915	9.927	0.0	0.0
9.927	9.938	0.0	0.0
9.938	9.950	0.0	0.0
9.950	9.961	0.0	0.0
9.961	9.973	0.0	0.0
9.973	9.985	0.0	0.0
9.985	9.996	0.0	0.0
9.996	10.008	0.0	0.0
10.008	10.019	0.0	0.0
10.019	10.031	0.0	0.0
10.031	10.043	0.0	0.0
10.043	10.054	0.0	0.0
10.054	10.066	1.0	0.0
10.066	10.077	0.0	0.0
10.077	10.089	0.0	0.0
10.089	10.101	0.0	0.0
10.101	10.112	0.0	0.0
10.112	10.124	0.0	0.0
10.124	10.136	0.0	0.0
10.136	10.147	0.0	0.0
10.147	10.159	0.0	0.0
10.159	10.170	0.0	0.0
10.170	10.182	0.0	0.0
10.182	10.194	0.0	0.0
10.194	10.205	0.0	0.0
10.205	10.217	0.0	0.0
10.217	10.228	0.0	0.0
10.228	10.240	0.0	0.0
10.240	10.252	0.0	0.0
10.252	10.263	0.0	0.0
10.263	10.275	0.0	0.0
10.275	10.286	0.0	0.0
10.286	10.298	0.0	0.0
10.298	10.310	0.0	0.0
10.310	10.321	0.0	0.0
10.321	10.333	0.0	0.0
10.333	10.344	0.0	0.0
10.344	10.356	0.0	0.0
10.356	10.368	0.0	0.0
10.368	10.379	0.0	0.0
10.379	10.391	0.0	0.0
10.391	10.403	0.0	0.0
10.403	10.414	0.0	0.0
10.414	10.426	0.0	0.0
10.426	10.437	0.0	0.0
10.437	10.449	0.0	0.0
10.449	10.461	0.0	0.0
10.461	10.472	0.0	0.0
10.472	10.484	0.0	0.0
10.484	10.495	0.0	0.0
10.495	10.507	0.0	0.0
10.507	10.519	0.0	0.0
10.519	10.530	0.0	0.0
10.530	10.542	0.0	0.0
10.542	10.553	0.0	0.0
10.553	10.565	0.0	0.0
10.565	10.577	0.0	0.0
10.577	10.588	0.0	0.0
10.588	10.600	0.0	0.0
10.600	10.612	0.0	0.0
10.612	10.623	0.0	0.0
10.623	10.635	0.0	0.0
10.635	10.646	0.0	0.0
10.646	10.658	0.0	0.0
10.658	10.670	0.0	0.0
10.670	10.681	0.0	0.0
10.681	10.693	0.0	0.0
10.693	10.704	0.0	0.0
10.704	10.716	0.0	0.0
10.716	10.728	0.0	0.0
10.728	10.739	0.0	0.0
10.739	10.751	0.0	0.0
10.751	10.762	0.0	0.0
10.762	10.774	0.0	0.0
10.774	10.786	0.0	0.0
10.786	10.797	0.0	0.0
10.797	10.809	0.0	0.0
10.809	10.820	0.0	0.0
10.820	10.832	0.0	0.0
10.832	10.844	0.0	0.0
10.844	10.855	0.0	0.0
10.855	10.867	0.0	0.0
10.867	10.879	0.0	0.0
10.879	10.890	0.0	0.0
10.890	10.902	0.0	0.0
10.902	10.913	0.0	0.0
10.913	10.925	0.0	0.0
10.925	10.937	0.0	0.0
10.937	10.948	0.0	0.0
10.948	10.960	0.0	0.0
10.960	10.971	0.0	0.0
10.971	10.983	0.0	0.0
10.983	10.995	0.0	0.0
10.995	11.006	0.0	0.0
11.006	11.018	0.0	0.0
11.018	11.029	0.0	0.0
11.029	11.041	0.0	0.0
11.041	11.053	0.0	0.0
11.053	11.064	0.0	0.0
11.064	11.076	0.0	0.0
11.076	11.088	0.0	0.0
11.088	11.099	0.0	0.0
11.099	11.111	0.0	0.0
11.111	11.122	0.0	0.0
11.122	11.134	0.0	0.0
11.134	11.146	0.0	0.0
11.146	11.157	0.0	0.0
11.157	11.169	0.0	0.0
11.169	11.180	0.0	0.0
11.180	11.192	0.0	0.0
11.192	11.204	0.0	0.0
11.204	11.215	0.0	0.0
11.215	11.227	0.0	0.0
11.227	11.238	0.0	0.0
11.238	11.250	0.0	0.0
11.250	11.262	0.0	0.0
11.262	11.273	0.0	0.0
11.273	11.285	0.0	0.0
11.285	11.297	0.0	0.0
11.297	11.308	0.0	0.0
11.308	11.320	0.0	0.0
11.320	11.331	0.0	0.0
11.331	11.343	0.0	0.0
11.343	11.355	0.0	0.0
11.355	11.366	0.0	0.0
11.366	11.378	0.0	0.0
11.378	11.389	0.0	0.0
11.389	11.401	0.0	0.0
11.401	11.413	0.0	0.0
11.413	11.424	0.0	0.0
11.424	11.436	0.0	0.0
11.436	11.447	0.0	0.0
11.447	11.459	0.0	0.0
11.459	11.471	0.0	0.0
11.471	11.482	0.0	0.0
11.482	11.494	0.0	0.0
11.494	11.505	0.0	0.0
11.505	11.517	0.0	0.0
11.517	11.529	0.0	0.0
11.529	11.540	0.0	0.0
11.540	11.552	0.0	0.0
11.552	11.564	0.0	0.0
11.564	11.575	0.0	0.0
11.575	11.587	0.0	0.0
11.587	11.598	0.0	0.0
11.598	11.610	0.0	0.0
11.610	11.622	0.0	0.0
11.622	11.633	0.0	0.0
11.633	11.645	0.0	0.0
11.645	11.656	0.0	0.0
11.656	11.668	0.0	0.0
11.668	11.680	0.0	0.0
11.680	11.691	0.0	0.0
11.691	11.703	0.0	0.0
11.703	11.714	0.0	0.0
11.714	11.726	0.0	0.0
11.726	11.738	0.0	0.0
11.738	11.749	0.0	0.0
11.749	11.761	0.0	0.0
11.761	11.773	0.0	0.0
11.773	11.784	0.0	0.0
11.784	11.796	0.0	0.0
11.796	11.807	0.0	0.0
11.807	11.819	0.0	0.0
11.819	11.831	0.0	0.0
11.831	11.842	0.0	0.0
11.842	11.854	0.0	0.0
11.854	11.865	0.0	0.0
11.865	11.877	0.0	0.0
11.877	11.889	0.0	0.0
11.889	11.900	0.0	0.0
11.900	11.912	0.0	0.0
11.912	11.923	0.0	0.0
11.923	11.935	0.0	0.0
11.935	11.947	0.0	0.0
11.947	11.958	0.0	0.0
11.958	11.970	0.0	0.0
11.970	11.981	0.0	0.0
11.981	11.993	0.0	0.0
11.993	12.005	0.0	0.0
12.005	12.016	0.0	0.0
12.016	12.028	0.0	0.0
12.028	12.040	0.0	0.0
12.040	12.051	0.0	0.0
12.051	12.063	0.0	0.0
12.063	12.074	0.0	0.0
12.074	12.086	0.0	0.0
12.086	12.098	0.0	0.0
12.098	12.109	0.0	0.0
12.109	12.121	0.0	0.0
12.121	12.132	0.0	0.0
12.132	12.144	0.0	0.0
12.144	12.156	0.0	0.0
12.156	12.167	0.0	0.0
12.167	12.179	0.0	0.0
12.179	12.190	0.0	0.0
12.190	12.202	0.0	0.0
12.202	12.214	0.0	0.0
12.214	12.225	0.0	0.0
12.225	12.237	0.0	0.0
12.237	12.249	0.0	0.0
12.249	12.260	0.0	0.0
12.260	12.272	0.0	0.0
12.272	12.283	0.0	0.0
12.283	12.295	0.0	0.0
12.295	12.307	0.0	0.0
12.307	12.318	0.0	0.0
12.318	12.330	0.0	0.0
12.330	12.341	0.0	0.0
12.341	12.353	0.0	0.0
12.353	12.365	0.0	0.0
12.365	12.376	0.0	0.0
12.376	12.388	0.0	0.0
12.388	12.399	0.0	0.0
12.399	12.411	0.0	0.0
12.411	12.423	0.0	0.0
12.423	12.434	0.0	0.0
12.434	12.446	0.0	0.0
12.446	12.458	0.0	0.0
12.458	12.469	0.0	0.0
12.469	12.481	0.0	0.0
12.481	12.492	0.0	0.0
12.492	12.504	0.0	0.0
12.504	12.516	0.0	0.0
12.516	12.527	0.0	0.0
12.527	12.539	0.0	0.0
12.539	12.550	0.0	0.0
12.550	12.562	0.0	0.0
12.562	12.574	0.0	0.0
12.574	12.585	0.0	0.0
12.585	12.597	0.0	0.0
12.597	12.608	0.0	0.0
12.608	12.620	0.0	0.0
12.620	12.632	0.0	0.0
12.632	12.643	0.0	0.0
12.643	12.655	0.0	0.0
12.655	12.666	0.0	0.0
12.666	12.678	0.0	0.0
12.678	12.690	0.0	0.0
12.690	12.701	0.0	0.0
12.701	12.713	0.0	0.0
12.713	12.725	0.0	0.0
12.725	12.736	0.0	0.0
12.736	12.748	0.0	0.0
12.748	12.759	0.0	0.0
12.759	12.771	0.0	0.0
12.771	12.783	0.0	0.0
12.783	12.794	0.0	0.0
12.794	12.806	0.0	0.0
12.806	12.817	0.0	0.0
12.817	12.829	0.0	0.0
12.829	12.841	0.0	0.0
12.841	12.852	0.0	0.0
12.852	12.864	0.0	0.0
12.864	12.875	0.0	0.0
12.875	12.887	0.0	0.0
12.887	12.899	0.0	0.0
12.899	12.910	0.0	0.0
12.910	12.922	0.0	0.0
12.922	12.934	0.0	0.0
12.934	12.945	0.0	0.0
12.945	12.957	0.0	0.0
12.957	12.968	0.0	0.0
12.968	12.980	0.0	0.0
12.980	12.992	0.0	0.0
12.992	13.003	0.0	0.0
13.003	13.015	0.0	0.0
13.015	13.026	0.0	0.0
13.026	13.038	0.0	0.0
13.038	13.050	0.0	0.0
13.050	13.061	0.0	0.0
13.061	13.073	0.0	0.0
13.073	13.084	0.0	0.0
13.084	13.096	0.0	0.0
13.096	13.108	0.0	0.0
13.108	13.119	0.0	0.0
13.119	13.131	0.0	0.0
13.131	13.142	0.0	0.0
13.142	13.154	0.0	0.0
13.154	13.166	0.0	0.0
13.166	13.177	0.0	0.0
13.177	13.189	0.0	0.0
13.189	13.201	0.0	0.0
13.201	13.212	0.0	0.0
13.212	13.224	0.0	0.0
13.224	13.235	0.0	0.0
13.235	13.247	0.0	0.0
13.247	13.259	0.0	0.0
13.259	13.270	0.0	0.0
13.270	13.282	0.0	0.0
13.282	13.293	0.0	0.0
13.293	13.305	0.0	0.0
13.305	13.317	0.0	0.0
13.317	13.328	0.0	0.0
13.328	13.340	0.0	0.0
13.340	13.351	0.0	0.0
13.351	13.363	0.0	0.0
13.363	13.375	0.0	0.0
13.375	13.386	0.0	0.0
13.386	13.398	0.0	0.0
13.398	13.410	0.0	0.0
13.410	13.421	0.0	0.0
13.421	13.433	0.0	0.0
13.433	13.444	0.0	0.0
13.444	13.456	0.0	0.0
13.456	13.468	1.0	0.0
13.468	13.479	1.0	0.0
13.479	13.491	0.0	0.0
13.491	13.502	0.0	0.0
13.502	13.514	0.0	0.0
13.514	13.526	0.0	0.0
13.526	13.537	0.0	0.0
13.537	13.549	0.0	0.0
13.549	13.560	0.0	0.0
13.560	13.572	0.0	0.0
13.572	13.584	0.0	0.0
13.584	13.595	0.0	0.0
13.595	13.607	0.0	0.0
13.607	13.619	0.0	0.0
13.619	13.630	0.0	0.0
13.630	13.642	0.0	0.0
13.642	13.653	0.0	0.0
13.653	13.665	0.0	0.0
13.665	13.677	0.0	0.0
13.677	13.688	0.0	0.0
13.688	13.700	0.0	0.0
13.700	13.711	0.0	0.0
13.711	13.723	0.0	0.0
13.723	13.735	0.0	0.0
13.735	13.746	0.0	0.0
13.746	13.758	0.0	0.0
13.758	13.769	0.0	0.0
13.769	13.781	0.0	0.0
13.781	13.793	0.0	0.0
13.793	13.804	0.0	0.0
13.804	13.816	0.0	0.0
13.816	13.827	0.0	0.0
13.827	13.839	0.0	0.0
13.839	13.851	0.0	0.0
13.851	13.862	0.0	0.0
13.862	13.874	0.0	0.0
13.874	13.886	0.0	0.0
13.886	13.897	0.0	0.0
13.897	13.909	0.0	0.0
13.909	13.920	0.0	0.0
13.920	13.932	0.0	0.0
13.932	13.944	0.0	0.0
13.944	13.955	0.0	0.0
13.955	13.967	0.0	0.0
13.967	13.978	0.0	0.0
13.978	13.990	0.0	0.0
13.990	14.002	0.0	0.0
14.002	14.013	0.0	0.0
14.013	14.025	0.0	0.0
14.025	14.036	0.0	0.0
14.036	14.048	0.0	0.0
14.048	14.060	0.0	0.0
14.060	14.071	0.0	0.0
14.071	14.083	0.0	0.0
14.083	14.095	0.0	0.0
14.095	14.106	0.0	0.0
14.106	14.118	0.0	0.0
14.118	14.129	0.0	0.0
14.129	14.141	0.0	0.0
14.141	14.153	0.0	0.0
14.153	14.164	0.0	0.0
14.164	14.176	0.0	0.0
14.176	14.187	0.0	0.0
14.187	14.199	0.0	0.0
14.199	14.211	0.0	0.0
14.211	14.222	0.0	0.0
14.222	14.234	0.0	0.0
14.234	14.245	0.0	0.0
14.245	14.257	0.0	0.0
14.257	14.269	0.0	0.0
14.269	14.280	0.0	0.0
14.280	14.292	0.0	0.0
14.292	14.303	0.0	0.0
14.303	14.315	0.0	0.0
14.315	14.327	0.0	0.0
14.327	14.338	0.0	0.0
14.338	14.350	0.0	0.0
14.350	14.362	0.0	0.0
14.362	14.373	0.0	0.0
14.373	14.385	0.0	0.0
14.385	14.396	0.0	0.0
14.396	14.408	0.0	0.0
14.408	14.420	0.0	0.0
14.420	14.431	0.0	0.0
14.431	14.443	0.0	0.0
14.443	14.454	0.0	0.0
14.454	14.466	0.0	0.0
14.466	14.478	0.0	0.0
14.478	14.489	0.0	0.0
14.489	14.501	0.0	0.0
14.501	14.512	0.0	0.0
14.512	14.524	0.0	0.0
14.524	14.536	0.0	0.0
14.536	14.547	0.0	0.0
14.547	14.559	0.0	0.0
14.559	14.571	0.0	0.0
14.571	14.582	0.0	0.0
14.582	14.594	0.0	0.0
14.594	14.605	0.0	0.0
14.605	14.617	0.0	0.0
14.617	14.629	0.0	0.0
14.629	14.640	0.0	0.0
14.640	14.652	0.0	0.0
14.652	14.663	0.0	0.0
14.663	14.675	0.0	0.0
14.675	14.687	0.0	0.0
14.687	14.698	0.0	0.0
14.698	14.710	0.0	0.0
14.710	14.721	0.0	0.0
14.721	14.733	0.0	0.0
14.733	14.745	0.0	0.0
14.745	14.756	0.0	0.0
14.756	14.768	0.0	0.0
14.768	14.780	0.0	0.0
14.780	14.791	0.0	0.0
14.791	14.803	0.0	0.0
14.803	14.814	0.0	0.0
14.814	14.826	0.0	0.0
14.826	14.838	0.0	0.0
14.838	14.849	0.0	0.0
14.849	14.861	0.0	0.0
14.861	14.872	0.0	0.0
14.872	14.884	0.0	0.0
14.884	14.896	0.0	0.0
14.896	14.907	0.0	0.0
14.907	14.919	0.0	0.0
14.919	14.930	0.0	0.0
14.930	14.942	0.0	0.0
14.942	14.954	0.0	0.0
14.954	14.965	0.0	0.0
14.965	14.977	0.0	0.0
14.977	14.988	0.0	0.0
14.988	15.000	0.0	0.0
15.000	15.012	0.0	0.0
15.012	15.023	0.0	0.0
15.023	15.035	0.0	0.0
15.035	15.047	0.0	0.0
15.047	15.058	0.0	0.0
15.058	15.070	0.0	0.0
15.070	15.081	0.0	0.0
15.081	15.093	0.0	0.0
15.093	15.105	1.0	0.0
15.105	15.116	0.0	0.0
15.116	15.128	0.0	0.0
15.128	15.139	0.0	0.0
15.139	15.151	0.0	0.0
15.151	15.163	0.0	0.0
15.163	15.174	0.0	0.0
15.174	15.186	0.0	0.0
15.186	15.197	0.0	0.0
15.197	15.209	0.0	0.0
15.209	15.221	0.0	0.0
15.221	15.232	0.0	0.0
15.232	15.244	0.0	0.0
15.244	15.256	0.0	0.0
15.256	15.267	0.0	0.0
15.267	15.279	0.0	0.0
15.279	15.290	0.0	0.0
15.290	15.302	0.0	0.0
15.302	15.314	0.0	0.0
15.314	15.325	0.0	0.0
15.325	15.337	0.0	0.0
15.337	15.348	0.0	0.0
15.348	15.360	0.0	0.0
15.360	15.372	0.0	0.0
15.372	15.383	0.0	0.0
15.383	15.395	0.0	0.0
15.395	15.406	0.0	0.0
15.406	15.418	0.0	0.0
15.418	15.430	0.0	0.0
15.430	15.441	0.0	0.0
15.441	15.453	0.0	0.0
15.453	15.464	0.0	0.0
15.464	15.476	0.0	0.0
15.476	15.488	0.0	0.0
15.488	15.499	0.0	0.0
15.499	15.511	0.0	0.0
15.511	15.523	0.0	0.0
15.523	15.534	0.0	0.0
15.534	15.546	0.0	0.0
15.546	15.557	0.0	0.0
15.557	15.569	0.0	0.0
15.569	15.581	0.0	0.0
15.581	15.592	0.0	0.0
15.592	15.604	0.0	0.0
15.604	15.615	0.0	0.0
15.615	15.627	0.0	0.0
15.627	15.639	0.0	0.0
15.639	15.650	0.0	0.0
15.650	15.662	0.0	0.0
15.662	15.673	0.0	0.0
15.673	15.685	0.0	0.0
15.685	15.697	0.0	0.0
15.697	15.708	0.0	0.0
15.708	15.720	0.0	0.0
15.720	15.732	0.0	0.0
15.732	15.743	0.0	0.0
15.743	15.755	0.0	0.0
15.755	15.766	0.0	0.0
15.766	15.778	0.0	0.0
15.778	15.790	0.0	0.0
15.790	15.801	0.0	0.0
15.801	15.813	0.0	0.0
15.813	15.824	0.0	0.0
15.824	15.836	0.0	0.0
15.836	15.848	0.0	0.0
15.848	15.859	0.0	0.0
15.859	15.871	0.0	0.0
15.871	15.882	0.0	0.0
15.882	15.894	0.0	0.0
15.894	15.906	0.0	0.0
15.906	15.917	0.0	0.0
15.917	15.929	0.0	0.0
15.929	15.940	0.0	0.0
15.940	15.952	0.0	0.0
15.952	15.964	0.0	0.0
15.964	15.975	0.0	0.0
15.975	15.987	0.0	0.0
15.987	15.999	0.0	0.0
15.999	16.010	0.0	0.0
16.010	16.022	0.0	0.0
16.022	16.033	0.0	0.0
16.033	16.045	0.0	0.0
16.045	16.057	0.0	0.0
16.057	16.068	0.0	0.0
16.068	16.080	0.0	0.0
16.080	16.091	0.0	0.0
16.091	16.103	0.0	0.0
16.103	16.115	0.0	0.0
16.115	16.126	0.0	0.0
16.126	16.138	0.0	0.0
16.138	16.149	0.0	0.0
16.149	16.161	0.0	0.0
16.161	16.173	0.0	0.0
16.173	16.184	0.0	0.0
16.184	16.196	0.0	0.0
16.196	16.208	0.0	0.0
16.208	16.219	0.0	0.0
16.219	16.231	0.0	0.0
16.231	16.242	0.0	0.0
16.242	16.254	0.0	0.0
16.254	16.266	0.0	0.0
16.266	16.277	0.0	0.0
16.277	16.289	0.0	0.0
16.289	16.300	0.0	0.0
16.300	16.312	0.0	0.0
16.312	16.324	0.0	0.0
16.324	16.335	0.0	0.0
16.335	16.347	0.0	0.0
16.347	16.358	0.0	0.0
16.358	16.370	0.0	0.0
16.370	16.382	0.0	0.0
16.382	16.393	0.0	0.0
16.393	16.405	0.0	0.0
16.405	16.417	0.0	0.0
16.417	16.428	0.0	0.0
16.428	16.440	0.0	0.0
16.440	16.451	0.0	0.0
16.451	16.463	0.0	0.0
16.463	16.475	0.0	0.0
16.475	16.486	0.0	0.0
16.486	16.498	0.0	0.0
16.498	16.509	0.0	0.0
16.509	16.521	0.0	0.0
16.521	16.533	0.0	0.0
16.533	16.544	0.0	0.0
16.544	16.556	0.0	0.0
16.556	16.567	0.0	0.0
16.567	16.579	0.0	0.0
16.579	16.591	0.0	0.0
16.591	16.602	0.0	0.0
16.602	16.614	0.0	0.0
16.614	16.625	0.0	0.0
16.625	16.637	0.0	0.0
16.637	16.649	0.0	0.0
16.649	16.660	0.0	0.0
16.660	16.672	0.0	0.0
16.672	16.684	0.0	0.0
16.684	16.695	0.0	0.0
16.695	16.707	0.0	0.0
16.707	16.718	0.0	0.0
16.718	16.730	0.0	0.0
16.730	16.742	0.0	0.0
16.742	16.753	0.0	0.0
16.753	16.765	0.0	0.0
16.765	16.776	0.0	0.0
16.776	16.788	0.0	0.0
16.788	16.800	0.0	0.0
16.800	16.811	0.0	0.0
16.811	16.823	0.0	0.0
16.823	16.834	0.0	0.0
16.834	16.846	0.0	0.0
16.846	16.858	0.0	0.0
16.858	16.869	0.0	0.0
16.869	16.881	0.0	0.0
16.881	16.893	0.0	0.0
16.893	16.904	0.0	0.0
16.904	16.916	0.0	0.0
16.916	16.927	0.0	0.0
16.927	16.939	0.0	0.0
16.939	16.951	0.0	0.0
16.951	16.962	0.0	0.0
16.962	16.974	0.0	0.0
16.974	16.985	0.0	0.0
16.985	16.997	0.0	0.0
16.997	17.009	0.0	0.0
17.009	17.020	0.0	0.0
17.020	17.032	0.0	0.0
17.032	17.043	0.0	0.0
17.043	17.055	0.0	0.0
17.055	17.067	0.0	0.0
17.067	17.078	0.0	0.0
17.078	17.090	0.0	0.0
17.090	17.101	0.0	0.0
17.101	17.113	1.0	0.0
17.113	17.125	0.0	0.0
17.125	17.136	0.0	0.0
17.136	17.148	0.0	0.0
17.148	17.160	0.0	0.0
17.160	17.171	0.0	0.0
17.171	17.183	0.0	0.0
17.183	17.194	0.0	0.0
17.194	17.206	0.0	0.0
17.206	17.218	0.0	0.0
17.218	17.229	0.0	0.0
17.229	17.241	0.0	0.0
17.241	17.252	0.0	0.0
17.252	17.264	0.0	0.0
17.264	17.276	0.0	0.0
17.276	17.287	0.0	0.0
17.287	17.299	0.0	0.0
17.299	17.310	0.0	0.0
17.310	17.322	0.0	0.0
17.322	17.334	0.0	0.0
17.334	17.345	0.0	0.0
17.345	17.357	0.0	0.0
17.357	17.369	0.0	0.0
17.369	17.380	0.0	0.0
17.380	17.392	0.0	0.0
17.392	17.403	1.0	0.0
17.403	17.415	1.0	0.0
17.415	17.427	0.0	0.0
17.427	17.438	0.0	0.0
17.438	17.450	0.0	0.0
17.450	17.461	0.0	0.0
17.461	17.473	0.0	0.0
17.473	17.485	0.0	0.0
17.485	17.496	0.0	0.0
17.496	17.508	0.0	0.0
17.508	17.519	0.0	0.0
17.519	17.531	0.0	0.0
17.531	17.543	0.0	0.0
17.543	17.554	0.0	0.0
17.554	17.566	0.0	0.0
17.566	17.578	0.0	0.0
17.578	17.589	0.0	0.0
17.589	17.601	0.0	0.0
17.601	17.612	0.0	0.0
17.612	17.624	0.0	0.0
17.624	17.636	0.0	0.0
17.636	17.647	0.0	0.0
17.647	17.659	0.0	0.0
17.659	17.670	0.0	0.0
17.670	17.682	0.0	0.0
17.682	17.694	0.0	0.0
17.694	17.705	0.0	0.0
17.705	17.717	0.0	0.0
17.717	17.728	0.0	0.0
17.728	17.740	0.0	0.0
17.740	17.752	0.0	0.0
17.752	17.763	0.0	0.0
17.763	17.775	0.0	0.0
17.775	17.786	0.0	0.0
17.786	17.798	0.0	0.0
17.798	17.810	0.0	0.0
17.810	17.821	0.0	0.0
17.821	17.833	0.0	0.0
17.833	17.845	0.0	0.0
17.845	17.856	0.0	0.0
17.856	17.868	0.0	0.0
17.868	17.879	0.0	0.0
17.879	17.891	0.0	0.0
17.891	17.903	0.0	0.0
17.903	17.914	0.0	0.0
17.914	17.926	0.0	0.0
17.926	17.937	0.0	0.0
17.937	17.949	0.0	0.0
17.949	17.961	0.0	0.0
17.961	17.972	0.0	0.0
17.972	17.984	0.0	0.0
17.984	17.995	0.0	0.0
17.995	18.007	0.0	0.0
18.007	18.019	0.0	0.0
18.019	18.030	0.0	0.0
18.030	18.042	0.0	0.0
18.042	18.054	0.0	0.0
18.054	18.065	0.0	0.0
18.065	18.077	0.0	0.0
18.077	18.088	0.0	0.0
18.088	18.100	0.0	0.0
18.100	18.112	0.0	0.0
18.112	18.123	0.0	0.0
18.123	18.135	0.0	0.0
18.135	18.146	0.0	0.0
18.146	18.158	0.0	0.0
18.158	18.170	0.0	0.0
18.170	18.181	0.0	0.0
18.181	18.193	0.0	0.0
18.193	18.204	0.0	0.0
18.204	18.216	0.0	0.0
18.216	18.228	0.0	0.0
18.228	18.239	0.0	0.0
18.239	18.251	0.0	0.0
18.251	18.262	0.0	0.0
18.262	18.274	0.0	0.0
18.274	18.286	0.0	0.0
18.286	18.297	0.0	0.0
18.297	18.309	0.0	0.0
18.309	18.321	0.0	0.0
18.321	18.332	0.0	0.0
18.332	18.344	0.0	0.0
18.344	18.355	0.0	0.0
18.355	18.367	0.0	0.0
18.367	18.379	0.0	0.0
18.379	18.390	0.0	0.0
18.390	18.402	0.0	0.0
18.402	18.413	0.0	0.0
18.413	18.425	0.0	0.0
18.425	18.437	0.0	0.0
18.437	18.448	0.0	0.0
18.448	18.460	0.0	0.0
18.460	18.471	0.0	0.0
18.471	18.483	0.0	0.0
18.483	18.495	0.0	0.0
18.495	18.506	0.0	0.0
18.506	18.518	0.0	0.0
18.518	18.530	0.0	0.0
18.530	18.541	0.0	0.0
18.541	18.553	0.0	0.0
18.553	18.564	0.0	0.0
18.564	18.576	0.0	0.0
18.576	18.588	0.0	0.0
18.588	18.599	0.0	0.0
18.599	18.611	0.0	0.0
18.611	18.622	0.0	0.0
18.622	18.634	0.0	0.0
18.634	18.646	0.0	0.0
18.646	18.657	0.0	0.0
18.657	18.669	0.0	0.0
18.669	18.680	0.0	0.0
18.680	18.692	0.0	0.0
18.692	18.704	0.0	0.0
18.704	18.715	0.0	0.0
18.715	18.727	0.0	0.0
18.727	18.739	0.0	0.0
18.739	18.750	0.0	0.0
18.750	18.762	0.0	0.0
18.762	18.773	0.0	0.0
18.773	18.785	0.0	0.0
18.785	18.797	0.0	0.0
18.797	18.808	0.0	0.0
18.808	18.820	0.0	0.0
18.820	18.831	0.0	0.0
18.831	18.843	0.0	0.0
18.843	18.855	0.0	0.0
18.855	18.866	0.0	0.0
18.866	18.878	0.0	0.0
18.878	18.889	0.0	0.0
18.889	18.901	0.0	0.0
18.901	18.913	0.0	0.0
18.913	18.924	0.0	0.0
18.924	18.936	0.0	0.0
18.936	18.947	0.0	0.0
18.947	18.959	0.0	0.0
18.959	18.971	0.0	0.0
18.971	18.982	0.0	0.0
18.982	18.994	0.0	0.0
18.994	19.006	0.0	0.0
19.006	19.017	0.0	0.0
19.017	19.029	0.0	0.0
19.029	19.040	0.0	0.0
19.040	19.052	0.0	0.0
19.052	19.064	0.0	0.0
19.064	19.075	0.0	0.0
19.075	19.087	0.0	0.0
19.087	19.098	0.0	0.0
19.098	19.110	0.0	0.0
19.110	19.122	0.0	0.0
19.122	19.133	0.0	0.0
19.133	19.145	0.0	0.0
19.145	19.156	0.0	0.0
19.156	19.168	0.0	0.0
19.168	19.180	0.0	0.0
19.180	19.191	0.0	0.0
19.191	19.203	0.0	0.0
19.203	19.215	0.0	0.0
19.215	19.226	0.0	0.0
19.226	19.238	0.0	0.0
19.238	19.249	0.0	0.0
19.249	19.261	0.0	0.0
19.261	19.273	0.0	0.0
19.273	19.284	0.0	0.0
19.284	19.296	0.0	0.0
19.296	19.307	0.0	0.0
19.307	19.319	0.0	0.0
19.319	19.331	0.0	0.0
19.331	19.342	0.0	0.0
19.342	19.354	0.0	0.0
19.354	19.365	0.0	0.0
19.365	19.377	0.0	0.0
19.377	19.389	0.0	0.0
19.389	19.400	0.0	0.0
19.400	19.412	0.0	0.0
19.412	19.423	0.0	0.0
19.423	19.435	0.0	0.0
19.435	19.447	0.0	0.0
19.447	19.458	0.0	0.0
19.458	19.470	0.0	0.0
19.470	19.482	0.0	0.0
19.482	19.493	0.0	0.0
19.493	19.505	0.0	0.0
19.505	19.516	0.0	0.0
19.516	19.528	0.0	0.0
19.528	19.540	0.0	0.0
19.540	19.551	0.0	0.0
19.551	19.563	0.0	0.0
19.563	19.574	0.0	0.0
19.574	19.586	0.0	0.0
19.586	19.598	0.0	0.0
19.598	19.609	0.0	0.0
19.609	19.621	0.0	0.0
19.621	19.632	0.0	0.0
19.632	19.644	0.0	0.0
19.644	19.656	0.0	0.0
19.656	19.667	0.0	0.0
19.667	19.679	0.0	0.0
19.679	19.691	0.0	0.0
19.691	19.702	0.0	0.0
19.702	19.714	0.0	0.0
19.714	19.725	0.0	0.0
19.725	19.737	0.0	0.0
19.737	19.749	0.0	0.0
19.749	19.760	0.0	0.0
19.760	19.772	0.0	0.0
19.772	19.783	0.0	0.0
19.783	19.795	0.0	0.0
19.795	19.807	0.0	0.0
19.807	19.818	0.0	0.0
19.818	19.830	0.0	0.0
19.830	19.841	0.0	0.0
19.841	19.853	0.0	0.0
19.853	19.865	0.0	0.0
19.865	19.876	0.0	0.0
19.876	19.888	0.0	0.0
19.888	19.900	0.0	0.0
19.900	19.911	0.0	0.0
19.911	19.923	0.0	0.0
19.923	19.934	0.0	0.0
19.934	19.946	0.0	0.0
19.946	19.958	0.0	0.0
19.958	19.969	0.0	0.0
19.969	19.981	0.0	0.0
19.981	19.992	0.0	0.0
19.992	20.004	0.0	0.0
